##FastQC	0.10.1
>>Basic Statistics	pass
#Measure	Value	
Filename	wgEncodeCshlLongRnaSeqH1hescCellPapFastqRd1Rep1.fastq	
File type	Conventional base calls	
Encoding	Illumina 1.5	
Total Sequences	125395196	
Filtered Sequences	0	
Sequence length	76	
%GC	51	
>>END_MODULE
>>Per base sequence quality	pass
#Base	Mean	Median	Lower Quartile	Upper Quartile	10th Percentile	90th Percentile
1	38.320362743402065	39.0	38.0	40.0	35.0	40.0
2	38.091648479101224	39.0	38.0	40.0	35.0	40.0
3	38.06921649534325	39.0	38.0	40.0	35.0	40.0
4	38.039797019018174	39.0	38.0	40.0	35.0	40.0
5	38.0447636925421	39.0	38.0	40.0	35.0	40.0
6	38.07862074716164	39.0	38.0	40.0	35.0	40.0
7	37.98434886612402	39.0	38.0	40.0	35.0	40.0
8	37.969272100344256	39.0	38.0	40.0	34.0	40.0
9	37.95146662556355	39.0	38.0	40.0	34.0	40.0
10-14	37.82257705789622	39.0	38.0	40.0	33.2	40.0
15-19	37.625311350843134	39.0	38.0	40.0	33.0	40.0
20-24	37.2839909736255	39.0	37.0	40.0	32.8	40.0
25-29	37.00208234931105	39.0	36.6	40.0	32.0	40.0
30-34	36.858703288760765	39.0	36.4	40.0	31.6	40.0
35-39	36.427093594558436	39.0	36.0	40.0	30.6	40.0
40-44	35.77192127998269	38.8	35.4	40.0	29.4	40.0
45-49	35.02983658640319	38.0	34.6	40.0	27.6	40.0
50-54	34.25232918811339	38.0	33.4	39.4	25.6	40.0
55-59	33.25186654040558	37.0	33.0	39.0	21.4	40.0
60-64	32.010556917985916	36.0	31.4	39.0	6.6	40.0
65-69	30.24824376525557	35.2	29.6	38.2	2.0	39.6
70-74	28.72647791546974	33.6	27.8	37.4	2.0	39.0
75-76	27.59628158322748	33.0	24.5	36.5	2.0	39.0
>>END_MODULE
>>Per sequence quality scores	pass
#Quality	Count
2	83832.0
3	14075.0
4	20717.0
5	43947.0
6	61129.0
7	92287.0
8	135523.0
9	184798.0
10	256226.0
11	275556.0
12	318389.0
13	374840.0
14	407331.0
15	479888.0
16	539367.0
17	584079.0
18	651228.0
19	687389.0
20	765218.0
21	842160.0
22	922111.0
23	1059961.0
24	1181538.0
25	1346238.0
26	1526742.0
27	1706757.0
28	1923091.0
29	2156259.0
30	2449083.0
31	2848578.0
32	3417720.0
33	4346326.0
34	5789445.0
35	8197098.0
36	1.2029773E7
37	1.7830119E7
38	2.5220815E7
39	2.4625537E7
40	26.0
>>END_MODULE
>>Per base sequence content	fail
#Base	G	A	T	C
1	43.30119949861942	16.256949616210626	17.471271505954235	22.97057937921572
2	35.913590441040974	16.379326741718348	26.857143823258074	20.849938993982608
3	37.91811214466282	17.463854111598547	20.04036399529068	24.57766974844795
4	36.4711195746367	21.605150756469865	19.84832164000235	22.07540802889108
5	36.13233237420037	24.447237197188958	22.101093888796186	17.319336539814493
6	34.31800506607945	23.475000727898728	22.269470445640934	19.93752376038089
7	27.22125973629803	27.31498661240579	28.842966201033732	16.620787450262448
8	28.590686998886305	23.408322596345716	27.264794896927313	20.73619550784067
9	28.10967734362009	21.899689043908825	27.587476317673286	22.4031572947978
10-14	27.808267137273024	26.11845883593043	24.658254794709144	21.415019232087396
15-19	27.493412124676453	25.38395061741982	24.476364834065624	22.6462724238381
20-24	27.554984867016852	25.243748918926524	23.95841353154913	23.242852682507497
25-29	27.371602966016013	25.166614481325965	24.000205838189327	23.461576714468695
30-34	27.41470351263185	25.143434664646485	23.908571814572053	23.533290008149613
35-39	27.67671996257912	25.05878528920083	23.675120704004254	23.5893740442158
40-44	27.581670748814087	25.095917337722145	23.554154735694535	23.768257177769232
45-49	27.630376069150675	24.812291147194163	23.6774423974689	23.87989038618626
50-54	27.54285008370556	24.707365180859878	23.658902522942306	24.090882212492254
55-59	27.320465636167977	24.99751943368708	23.52763407982367	24.15438085032127
60-64	27.27555878072554	24.81013564127564	23.63387327467602	24.2804323033228
65-69	27.286076585580123	24.96076910825615	23.4907171099901	24.262437196173625
70-74	27.54455565192982	25.012035246335916	23.233937284674223	24.209471817060038
75-76	27.581925954773833	24.662636906589483	23.03032794853943	24.725109190097257
>>END_MODULE
>>Per base GC content	fail
#Base	%GC
1	66.27177887783515
2	56.763529435023585
3	62.49578189311078
4	58.546527603527785
5	53.45166891401486
6	54.25552882646034
7	43.84204718656048
8	49.326882506726974
9	50.51283463841789
10-14	49.22328636936042
15-19	50.13968454851455
20-24	50.79783754952435
25-29	50.833179680484704
30-34	50.947993520781466
35-39	51.266094006794916
40-44	51.34992792658332
45-49	51.51026645533694
50-54	51.633732296197806
55-59	51.47484648648925
60-64	51.55599108404834
65-69	51.54851378175375
70-74	51.75402746898986
75-76	52.30703514487109
>>END_MODULE
>>Per sequence GC content	pass
#GC Content	Count
0	4771.0
1	2822.0
2	714.0
3	552.5
4	550.0
5	590.5
6	717.5
7	887.0
8	970.0
9	1104.0
10	1442.0
11	2024.0
12	2402.0
13	2904.5
14	4969.5
15	10523.5
16	17992.5
17	21470.0
18	30626.5
19	51529.5
20	82646.0
21	102016.0
22	124712.5
23	182856.5
24	255610.0
25	292916.0
26	347786.0
27	469386.5
28	611062.0
29	686007.0
30	769627.5
31	954781.5
32	1177964.0
33	1299613.0
34	1410151.0
35	1694779.5
36	2024830.5
37	2180791.0
38	2390884.5
39	2889574.5
40	3579312.5
41	4175215.5
42	4369977.0
43	4384797.0
44	4640270.0
45	5135565.5
46	5390208.0
47	5519900.0
48	5744296.5
49	5956356.0
50	6073711.0
51	6029510.5
52	5906266.0
53	5976112.5
54	6125003.0
55	6007015.5
56	5803582.5
57	5575304.5
58	5432472.0
59	5265852.5
60	4943815.5
61	4586641.0
62	4384884.0
63	4130811.0
64	3538793.0
65	2928926.5
66	2384049.5
67	2111094.0
68	1889334.0
69	1469313.5
70	1108442.5
71	945832.0
72	820159.0
73	595748.0
74	429359.5
75	361709.0
76	321318.5
77	256685.5
78	214258.0
79	196073.0
80	158629.5
81	104692.5
82	77605.0
83	67011.0
84	55199.5
85	37550.0
86	28132.5
87	24553.0
88	21971.5
89	17833.5
90	14611.5
91	11092.5
92	9239.0
93	7926.0
94	5827.0
95	4469.5
96	3898.0
97	3956.0
98	4364.5
99	4121.5
100	3528.0
>>END_MODULE
>>Per base N content	pass
#Base	N-Count
1	0.17037574549506665
2	0.0027648587111742304
3	0.0010096080554792546
4	5.135762936245181E-4
5	0.0
6	3.987393584041289E-6
7	0.0
8	0.0
9	0.0
10-14	0.008930485662305596
15-19	0.003318946923612608
20-24	1.258421415123431E-4
25-29	0.012088182389379575
30-34	0.057366153006371955
35-39	0.0016667305181292593
40-44	0.001108814407850202
45-49	9.936584811430895E-5
50-54	0.007195809957504273
55-59	0.018035300172105476
60-64	0.0049288969571051194
65-69	0.09371858232910295
70-74	0.0011313033076641946
75-76	0.02201041258390792
>>END_MODULE
>>Sequence Length Distribution	pass
#Length	Count
76	1.25395196E8
>>END_MODULE
>>Sequence Duplication Levels	pass
#Total Duplicate Percentage	14.550466866021575
#Duplication Level	Relative count
1	100.0
2	4.309822773142119
3	1.2749401115773566
4	0.5514558111866751
5	0.2910014630460297
6	0.16988483201766374
7	0.1184370595454375
8	0.07770757300492505
9	0.06645337277662557
10++	0.3231563208411711
>>END_MODULE
>>Overrepresented sequences	pass
>>END_MODULE
>>Kmer Content	warn
#Sequence	Count	Obs/Exp Overall	Obs/Exp Max	Max Obs/Exp Position
AAAAA	27166535	3.3018079	6.0256295	62
CAGCA	24918010	2.9603124	7.0889916	17
CTGCT	19780515	2.53176	9.912957	1
CTTCT	16559845	2.524403	7.07156	51
TCTTC	15492540	2.361702	6.6784434	50
TTTTT	15875620	2.3246107	5.694834	1
AGCAG	22269235	2.1770606	5.640777	18
TGCTG	20448940	2.1537576	8.8890505	2
CAGGA	21250035	2.077423	5.617122	20
GCAGG	24378305	2.076977	5.249152	19
GGCAG	24295805	2.069948	6.1405883	1
CTGGG	22811075	2.0172248	5.192746	1
GCTGG	22678815	2.0055287	7.1594405	3
GGAAG	22620440	1.8197318	5.7928514	5
TGGCA	17718480	1.7979273	7.0953383	5
TTCTG	14255415	1.78823	5.0533695	52
TCAGC	14388325	1.7742499	6.3257413	16
CTGGC	16495000	1.772637	7.489894	4
GAAGA	18233275	1.6830928	5.8134904	6
AGGAA	18071610	1.6681697	5.165549	21
TTCAG	13663240	1.6512651	6.009815	15
TGGGG	22428000	1.6320753	5.223616	2
GGGGG	25338415	1.5481447	5.018693	1
GGCAC	14300335	1.4805847	7.011767	6
GTGGG	20202360	1.4701165	7.5633106	1
GGGGA	20948350	1.4686525	5.864426	1
ATGCC	11455965	1.4126554	5.681759	25
TGTGT	13011255	1.3430859	5.9925117	2
AAGAG	14525445	1.3408275	5.571443	7
GTTCA	10771605	1.3017979	5.5443273	14
GTGTG	13973970	1.2111193	6.137203	1
GTCTT	9549810	1.1979487	5.308021	49
TACAA	8782535	1.1733829	6.7518625	6
CGGGG	14321545	1.0633615	5.497775	1
AATGC	8247825	0.96033365	5.087102	24
GTGTA	9371275	0.93197197	5.5341806	3
AGACC	7778050	0.9240487	5.325447	31
GTACA	7578630	0.8824161	6.0519004	5
TGTAC	7040655	0.85089535	6.1506157	4
>>END_MODULE
